hit_table_hit_id 189 0 1 2 3 4 5 6 7 8 9 10 11 12 13 14 15 16 17 18 19 20 21 22 23 24 25 26 27 28 29 30 31 32 33 34 35 36 37 38 39 40 41 42 43 44 45 46 47 48 49 50 51 52 53 54 55 56 57 58 59 60 61 62 63 64 65 66 67 68 69 70 71 72 73 74 75 76 77 78 79 80 81 82 83 84 85 86 87 88 89 90 91 92 93 94 95 96 97 98 99 100 101 102 103 104 105 106 107 108 109 110 111 112 113 114 115 116 117 118 119 120 121 122 123 124 125 126 127 128 129 130 131 132 133 134 135 136 137 138 139 140 141 142 143 144 145 146 147 148 149 150 151 152 153 154 155 156 157 158 159 160 161 162 163 164 165 166 167 168 169 170 171 172 173 174 175 176 177 178 179 180 181 182 183 184 185 186 187 188

hit_table_local_plane 189 2 2 2 2 2 2 2 2 2 2 2 2 2 2 2 2 2 2 2 2 2 2 2 2 2 2 2 2 2 2 2 2 2 2 2 2 2 2 2 2 2 2 2 2 2 2 2 2 2 2 2 2 2 2 2 2 2 2 2 2 2 1 1 1 1 1 1 1 1 1 1 1 1 1 1 1 1 1 1 1 1 1 1 1 1 1 1 1 1 1 1 1 1 1 1 1 1 1 1 1 1 1 1 1 1 1 1 1 1 1 1 1 1 1 1 1 1 1 1 0 0 0 0 0 0 0 0 0 0 0 0 0 0 0 0 0 0 0 0 0 0 0 0 0 0 0 0 0 0 0 0 0 0 0 0 0 0 0 0 0 0 0 0 0 0 0 0 0 0 0 0 0 0 0 0 0 0 0 0 0 0 0 0 0 0 0 0 0 0

hit_table_local_time 189 341.8624 1542.0637 927.4671 1671.4236 1671.3326 1601.1069 823.5946 830.97455 838.93945 846.5621 854.75134 862.09827 869.8359 877.5274 885.3739 893.30505 900.81934 908.95123 916.83453 924.8336 1033.9556 932.7013 1033.0907 940.7497 1031.2174 948.64825 1029.298 956.66284 1027.609 965.4344 1025.9467 973.5842 1024.1272 981.92096 1022.15796 989.8317 1020.43036 998.2303 1018.63605 1006.9552 1015.4256 1101.373 1099.1055 1098.683 1098.062 1025.9716 1017.2734 1086.4985 1094.2797 1020.11816 1073.0361 1076.7058 1080.3865 1087.3809 1009.5945 887.65875 1459.4362 1498.3029 1498.9537 1108.0923 985.295 341.9974 341.70236 1630.2969 1498.1667 1498.5092 1460.0739 1459.5609 986.7905 281.85175 1858.4191 1098.7842 1087.6829 1097.6014 1098.277 1658.3456 1671.2231 1671.5769 378.32468 1034.1376 1033.1599 1031.229 1029.3386 1027.6245 1018.585 1025.7083 1023.2812 1021.66095 1085.3954 1019.8329 1077.4277 1018.0544 1014.2424 990.5 980.0 964.0 948.0 932.0 916.0 900.0 972.0 962.0 946.0 930.0 914.0 898.0 882.0 866.0 850.0 834.0 818.0 845.0 825.5998 1942.9705 1945.0956 1009.5663 1498.4158 1499.3778 1499.7191 758.24603 470.89462 501.9557 487.22202 500.7246 486.83173 501.96994 491.36703 821.54956 824.2986 831.1341 838.5523 845.38837 852.9639 859.49634 866.8443 874.22266 881.068 887.7827 895.19586 902.0152 909.3647 916.3733 924.01953 931.4591 938.981 946.19385 953.7965 961.4459 968.8875 976.81006 984.25037 1671.7593 992.1291 1671.1019 999.8901 1670.962 1021.0 1035.0 1005.0 1014.0 1030.0 1039.5 1601.2864 1664.1632 1664.3992 1009.76495 1074.8507 1077.9291 1084.219 1087.4211 1100.6794 1098.6254 1097.6288 1089.635 1498.7893 1498.6996 1499.4922 1499.8792 501.03864 489.33862 940.7903 940.2173 938.8994 938.7568 203.06047 203.31166 931.3519 929.6063 928.37885

hit_table_local_wire 189 1525 1445 1392 1096 1095 1062 1060 1059 1058 1057 1056 1055 1054 1053 1052 1051 1050 1049 1048 1047 1046 1046 1045 1045 1044 1044 1043 1043 1042 1042 1041 1041 1040 1040 1039 1039 1038 1038 1037 1037 1036 983 982 981 980 979 979 979 979 978 922 921 920 920 895 895 863 858 857 776 776 978 977 770 743 742 742 741 695 677 672 651 650 650 649 641 618 617 609 570 569 568 567 566 565 565 564 563 562 562 561 561 560 560 560 560 560 560 560 560 559 559 559 559 559 559 559 559 559 559 559 558 558 535 534 510 495 494 493 1223 1195 1195 1195 1192 1192 1184 1184 1174 1173 1172 1171 1170 1169 1168 1167 1166 1165 1164 1163 1162 1161 1160 1159 1158 1157 1156 1155 1154 1153 1152 1151 1150 1150 1149 1149 1148 1148 1148 1148 1147 1147 1147 1142 1117 1116 1057 1032 1031 1030 1029 1003 1002 1001 1000 952 951 950 949 915 915 854 853 852 851 841 840 807 806 805

hit_table_integral 189 71.26794 36.830475 105.21737 42.79014 198.74284 52.28256 276.76895 204.7948 185.27666 173.1494 207.99887 161.07932 171.9874 183.90706 172.38715 180.24385 179.40182 179.87941 175.94167 173.6082 60.146084 164.93756 383.4673 182.55237 314.7994 171.1664 285.25372 199.91058 266.9007 199.8439 254.3058 175.4161 244.6073 191.05359 236.54524 156.0168 342.7262 193.62964 586.66956 210.53648 478.5013 41.645306 97.90199 71.94736 117.04772 26.53013 75.39638 98.980995 133.93674 131.61247 85.86141 119.866806 132.38205 143.84473 52.260277 33.15032 63.90952 39.4582 32.000072 31.401274 48.77916 26.652683 73.93813 78.16728 15.776824 48.358143 41.800926 64.79964 54.92823 59.516083 40.40832 205.26573 127.94971 168.83476 11.196455 90.21454 130.6619 82.31993 75.76552 111.47718 349.69592 281.28864 307.49924 281.8753 210.50232 238.87407 311.9073 225.84666 127.85756 331.11588 240.77649 665.3657 148.44804 9.408047 110.2208 154.05867 144.75966 123.82687 85.600746 31.7077 2.2846992 44.69077 62.753345 131.80104 215.68216 233.50027 288.88437 304.23276 308.31232 255.54736 93.016495 375.6147 200.91536 34.764202 23.220074 53.017464 130.25867 175.6865 93.84029 54.66942 23.823019 42.36294 124.74855 86.93163 58.555416 57.099354 85.99912 58.472294 235.21332 188.84155 167.78749 169.60005 189.5342 173.50731 172.08206 167.19104 130.48224 167.89186 162.4034 165.25917 162.78691 156.57147 167.16116 167.155 142.36517 167.3991 183.35934 175.36685 149.8357 183.53534 136.55342 45.841846 156.90546 125.97875 175.78929 44.23588 688.3993 390.45908 169.40686 1029.071 1128.6749 8.468632 44.556107 17.68077 36.13015 50.338223 141.76819 100.717674 149.23674 63.251125 72.4314 172.37695 77.57631 164.79335 84.31562 221.86516 139.9922 24.333908 53.715366 76.59664 21.107788 143.68013 186.88103 49.244045 38.27768 27.320366 31.17617 124.369896 78.43963

hit_table_rms 189 3.9380317 3.3978353 3.7067287 3.452121 3.3922124 3.1030924 3.30908 3.8290582 3.641572 3.5910032 3.6150649 3.692309 3.815752 3.648162 3.5434077 3.6926165 3.6320024 3.6954558 3.8648117 3.7445812 2.982808 3.6690443 2.9750543 3.613231 2.9883096 3.6809936 2.951792 3.7388887 2.9340873 3.917567 2.9352114 3.6998446 2.9639583 3.8482785 2.8958676 3.834576 3.1015325 3.7017045 3.1184676 4.1095567 3.4702299 3.2007706 3.1685455 2.8409624 3.1679988 2.8882823 3.100875 3.2180343 3.5900314 5.219238 4.5319147 3.5608222 3.1546729 3.3468049 2.817521 2.82201 3.8338802 3.4613817 3.5271919 3.0377383 3.504832 3.0084577 3.596467 4.829919 2.5143764 3.8228996 3.268519 3.938318 3.6057453 4.380122 3.2284298 3.930766 4.1211824 3.1655731 1.7884026 4.018653 3.471493 3.3359554 3.685366 3.172686 3.0586724 2.8074675 3.112804 2.9916036 2.9028714 2.8333955 3.4588127 2.8996 4.329207 2.9969568 4.275291 3.3655963 3.3566794 1.6666666 5.3333335 5.3333335 5.3333335 5.3333335 5.3333335 5.3333335 1.3333334 5.3333335 5.3333335 5.3333335 5.3333335 5.3333335 5.3333335 5.3333335 5.3333335 5.3333335 5.3333335 15.0 5.1412907 3.2739189 3.2906497 3.659088 3.782749 4.1837792 3.616502 3.8484266 3.6609669 3.5140338 8.294993 4.8818564 5.254726 4.071209 6.417885 3.1404958 3.6207874 3.8423772 3.8445978 4.054852 4.188079 4.1142063 4.028171 3.984758 3.754478 4.186791 3.9110825 3.8716795 3.9149945 4.0083685 4.1272316 4.0039864 3.6041598 3.9677627 3.897197 4.1244655 3.840483 4.5043917 3.6911025 3.4259932 4.1273947 3.3360636 3.98816 3.5806544 5.3333335 4.0 5.3333335 5.3333335 5.3333335 1.0 2.9987545 2.650566 3.338642 3.468098 3.326358 3.593631 5.029355 3.7147717 2.9542394 3.0127754 3.1519737 5.390414 3.6092062 4.2419004 4.037673 2.8718832 3.6801252 8.329281 3.4100873 4.002369 4.187108 3.7744732 3.2454383 3.4489396 4.1218224 3.5953822 3.8611076

spacepoint_table_spacepoint_id 72 0 2 3 4 5 6 7 8 9 10 11 13 14 15 16 17 18 19 20 21 22 23 24 25 26 27 28 29 30 31 32 33 34 35 36 37 39 40 41 43 44 45 46 49 50 52 53 55 56 58 60 61 62 63 64 65 68 70 73 74 77 78 80 81 82 83 84 85 86 87 88 89

spacepoint_table_hit_id_u 72 153 151 151 153 153 155 128 127 129 130 131 132 134 134 136 136 138 139 139 140 141 141 157 157 160 143 143 157 157 160 160 157 160 160 145 145 160 160 160 147 147 160 160 148 156 150 149 156 152 156 159 159 159 170 171 170 170 171 172 171 173 171 172 166 167 166 167 168 168 169 165 -1

spacepoint_table_hit_id_v 72 76 76 77 76 77 76 112 112 109 109 111 108 107 107 106 106 105 105 99 104 104 98 80 79 79 103 97 81 80 79 80 81 80 81 96 102 82 83 82 101 95 85 83 100 86 94 94 87 93 89 91 92 91 71 71 71 73 71 71 73 72 74 73 90 90 90 90 88 88 88 115 94

spacepoint_table_hit_id_y 72 3 3 4 4 4 4 6 6 7 8 9 10 11 12 13 14 15 16 16 17 18 18 20 20 20 21 21 22 22 22 22 24 24 24 25 25 26 28 28 29 29 30 30 31 32 33 33 34 35 36 38 40 40 41 42 42 43 43 44 44 47 48 48 50 51 51 52 52 53 53 54 60

